Net Speeds - Session 1 - 20250512_184858
---------------------------------------
Point | Rel Time (s) | Speed (km/h)
---------------------------------------
1     | 0.00         | 24.4
2     | 1.64         | 41.6
3     | 7.83         | 32.9
4     | 9.39         | 36.6
5     | 10.80        | 37.4
6     | 12.17        | 22.0
7     | 13.53        | 24.9
8     | 14.88        | 45.2
9     | 16.21        | 42.2
10    | 17.68        | 46.8
11    | 19.04        | 35.0
12    | 20.32        | 46.7
13    | 21.57        | 27.3
14    | 22.82        | 50.7
15    | 55.33        | 32.3
16    | 56.83        | 36.4
17    | 58.14        | 48.8
18    | 59.47        | 41.2
19    | 60.79        | 36.5
20    | 62.32        | 30.9
21    | 63.97        | 25.3
22    | 65.74        | 41.3
23    | 69.93        | 16.7
24    | 71.50        | 49.8
25    | 72.82        | 42.6
26    | 75.36        | 18.2
27    | 77.00        | 43.9
---------------------------------------
Total Points: 27
Average Speed: 36.2 km/h
Maximum Speed: 50.7 km/h
Minimum Speed: 16.7 km/h
