Net Speeds - Session 1 - 20250512_183746
---------------------------------------
Point | Rel Time (s) | Speed (km/h)
---------------------------------------
1     | 0.00         | 22.6
2     | 1.58         | 41.4
3     | 7.60         | 34.6
4     | 9.14         | 35.8
5     | 10.53        | 42.7
6     | 11.87        | 23.2
7     | 13.22        | 26.0
8     | 14.53        | 44.7
9     | 15.84        | 41.4
10    | 17.25        | 47.9
11    | 18.58        | 36.7
12    | 19.82        | 50.9
13    | 21.03        | 29.6
14    | 22.19        | 54.4
15    | 54.43        | 31.3
16    | 55.93        | 33.5
17    | 57.27        | 49.0
18    | 58.60        | 38.5
19    | 59.91        | 39.9
20    | 61.44        | 32.0
21    | 63.09        | 27.5
22    | 64.85        | 44.4
23    | 69.03        | 17.6
24    | 70.56        | 50.7
25    | 71.85        | 44.1
26    | 74.36        | 18.6
27    | 75.99        | 43.1
---------------------------------------
Total Points: 27
Average Speed: 37.1 km/h
Maximum Speed: 54.4 km/h
Minimum Speed: 17.6 km/h
